ScaffoldNum	StartPos	EndPos	TRNum	TRSize	CopyNum	TRLength
scaffold7644	2652	2903	PY_TR0000001	92	2,7	251
scaffold7644	12122	12151	PY_TR0000002	8	3,8	29
scaffold7644	13096	13126	PY_TR0000003	16	1,9	30
scaffold7644	13108	13862	PY_TR0000004	32	24	754
scaffold7644	13121	13862	PY_TR0000005	93	7,9	741
scaffold7644	17196	17231	PY_TR0000006	17	2,1	35
scaffold7644	23112	23398	PY_TR0000008	82	3,5	286
scaffold7645	3827	3922	PY_TR0000010	34	2,8	95
scaffold7645	3827	3922	PY_TR0000010	34	2,8	95
scaffold7645	6149	6207	PY_TR0000011	18	3,3	58
scaffold7646	10406	10470	PY_TR0000014	28	2,3	64
scaffold7646	10406	10470	PY_TR0000014	28	2,3	64
scaffold7646	10491	12064	PY_TR0000015	34	46,8	1573
scaffold7646	11255	11338	PY_TR0000016	17	5	83
scaffold7646	14876	15226	PY_TR0000017	34	10,3	350
scaffold7646	15157	15214	PY_TR0000018	18	3,3	57
scaffold7646	22263	22551	PY_TR0000019	156	1,9	288
scaffold7646	24573	24650	PY_TR0000020	2	39	77
scaffold7646	24731	24756	PY_TR0000021	2	13	25
scaffold7646	27522	30104	PY_TR0000022	48	53,1	2582
scaffold7646	27554	30104	PY_TR0000023	191	13,1	2550
scaffold7647	8186	8210	PY_TR0000025	11	2,3	24
scaffold7647	8186	8210	PY_TR0000025	11	2,3	24
scaffold7647	8893	9030	PY_TR0000026	22	6,3	137
scaffold7647	9027	9120	PY_TR0000027	20	4,7	93
scaffold7647	11290	11496	PY_TR0000028	30	7	206
scaffold7647	11264	19316	PY_TR0000029	60	134,8	8052
scaffold7647	11290	19316	PY_TR0000030	90	89,6	8026
scaffold7647	11455	11537	PY_TR0000031	41	2	82
scaffold7647	11496	13566	PY_TR0000032	30	69,6	2070
scaffold7647	12615	12656	PY_TR0000033	20	2,1	41
scaffold7647	12585	12683	PY_TR0000034	50	2	98
scaffold7647	13350	13919	PY_TR0000035	15	38,2	569
scaffold7647	13342	13419	PY_TR0000036	14	5,3	77
scaffold7647	13552	13579	PY_TR0000037	13	2,2	27
scaffold7647	13522	13606	PY_TR0000038	43	2	84
scaffold7647	13565	16019	PY_TR0000039	30	81,9	2454
scaffold7647	13492	13639	PY_TR0000040	73	2	147
scaffold7647	15542	15633	PY_TR0000041	48	1,9	91
scaffold7647	15949	16187	PY_TR0000042	78	2,9	238
scaffold7647	16281	16358	PY_TR0000043	14	5,3	77
scaffold7647	16027	19316	PY_TR0000044	30	109,6	3289
scaffold7647	21369	22254	PY_TR0000045	76	11,8	885
scaffold7647	22190	22684	PY_TR0000046	76	7	494
scaffold7647	22351	22770	PY_TR0000047	76	5,6	419
scaffold7647	21369	22770	PY_TR0000048	152	9,5	1401
scaffold7647	23029	23229	PY_TR0000049	48	4,2	200
scaffold7647	23358	23490	PY_TR0000050	48	2,8	132
scaffold7647	28032	28074	PY_TR0000051	19	2,3	42
scaffold7647	30394	30425	PY_TR0000052	4	8	31
scaffold7647	30629	30656	PY_TR0000053	1	28	27
scaffold7647	35370	36241	PY_TR0000054	23	39	871
scaffold7647	35476	36241	PY_TR0000056	67	11,5	765
scaffold7647	38099	38133	PY_TR0000058	2	17,5	34
scaffold7647	39129	39176	PY_TR0000059	16	3	47
scaffold7647	42157	42198	PY_TR0000061	21	2,1	41
scaffold7647	42618	42669	PY_TR0000062	27	1,9	51
scaffold7647	50093	50630	PY_TR0000063	26	20,9	537
scaffold7647	51075	51124	PY_TR0000064	25	2	49
scaffold7647	51860	51902	PY_TR0000065	22	2	42
scaffold7647	51896	52310	PY_TR0000066	49	8,5	414
scaffold7647	54718	54891	PY_TR0000067	49	3,6	173
scaffold7647	57202	57730	PY_TR0000068	44	12,1	528
scaffold7647	59015	61276	PY_TR0000070	25	91,4	2261
scaffold7647	60231	60953	PY_TR0000071	220	3,3	722
scaffold7647	60774	61055	PY_TR0000072	118	2,4	281
scaffold7647	63031	63588	PY_TR0000073	16	34,9	557
scaffold7647	63020	63605	PY_TR0000074	48	12,2	585
scaffold7647	64628	64689	PY_TR0000075	3	21	61
scaffold7647	67291	67389	PY_TR0000076	45	2,2	98
scaffold7647	70315	70353	PY_TR0000077	2	19,5	38
scaffold7647	78347	78824	PY_TR0000078	80	6	477
scaffold7647	79525	79550	PY_TR0000079	10	2,6	25
scaffold7647	83834	83865	PY_TR0000080	7	4,6	31
scaffold7647	83899	84673	PY_TR0000082	289	2,7	774
scaffold7647	88544	88863	PY_TR0000083	145	2,2	319
scaffold7647	91802	92262	PY_TR0000086	166	2,8	460
scaffold7647	92757	92899	PY_TR0000087	18	7,9	142
scaffold7647	92760	92899	PY_TR0000088	54	2,6	139
scaffold7647	94110	94966	PY_TR0000089	144	5,9	856
scaffold7647	94998	95312	PY_TR0000090	145	2,2	314
scaffold7647	98245	98277	PY_TR0000091	16	1,9	32
scaffold7647	98505	98570	PY_TR0000092	30	2,2	65
scaffold7647	100551	100616	PY_TR0000093	30	2,2	65
scaffold7647	100872	100937	PY_TR0000094	30	2,2	65
scaffold7647	105672	105704	PY_TR0000095	17	2	32
scaffold7647	106602	107264	PY_TR0000096	50	13,5	662
scaffold7647	106864	106941	PY_TR0000097	21	3,2	77
scaffold7647	106952	107035	PY_TR0000098	39	2,2	83
scaffold7647	106902	107264	PY_TR0000099	89	3,8	362
scaffold7647	106990	107264	PY_TR0000100	149	1,8	274
scaffold7647	107410	108024	PY_TR0000101	145	4,2	614
scaffold7647	108799	109567	PY_TR0000102	49	15,7	768
scaffold7647	111630	111802	PY_TR0000103	39	4,3	172
scaffold7647	113117	113176	PY_TR0000104	31	1,9	59
scaffold7647	113555	113720	PY_TR0000105	68	2,4	165
scaffold7647	114031	114504	PY_TR0000106	42	11,3	473
scaffold7647	115181	115238	PY_TR0000107	19	3,1	57
scaffold7647	116832	117829	PY_TR0000108	37	26,9	997
scaffold7647	118041	118344	PY_TR0000109	42	7,2	303
scaffold7647	119247	119290	PY_TR0000110	22	2,1	43
scaffold7647	119539	120460	PY_TR0000111	16	57,4	921
scaffold7647	119708	120122	PY_TR0000112	32	12,9	414
scaffold7647	119670	120158	PY_TR0000113	64	7,6	488
scaffold7647	119678	120142	PY_TR0000114	96	4,8	464
scaffold7647	119701	120451	PY_TR0000115	128	6	750
scaffold7647	120133	120460	PY_TR0000116	96	3,4	327
scaffold7647	120245	120701	PY_TR0000117	48	9,7	456
scaffold7647	120133	120482	PY_TR0000118	64	5,5	349
scaffold7647	120489	120728	PY_TR0000119	96	2,5	239
scaffold7647	127585	127632	PY_TR0000121	22	2,2	47
scaffold7647	129210	129245	PY_TR0000122	14	2,5	35
scaffold7647	129208	129245	PY_TR0000123	18	2,1	37
scaffold7647	129259	131515	PY_TR0000125	314	7,2	2256
scaffold7647	134266	134294	PY_TR0000127	13	2,1	28
scaffold7647	134269	134310	PY_TR0000128	22	2	41
scaffold7647	134274	136030	PY_TR0000129	121	14,3	1756
scaffold7647	134249	135015	PY_TR0000130	257	3	766
scaffold7647	134841	135999	PY_TR0000131	362	3,2	1158
scaffold7647	136967	137003	PY_TR0000132	19	2	36
scaffold7647	154458	154487	PY_TR0000133	2	15	29
scaffold7647	162678	162904	PY_TR0000134	56	4,1	226
scaffold7647	181767	182440	PY_TR0000135	39	17,4	673
scaffold7647	181816	182440	PY_TR0000136	116	5,4	624
scaffold7647	181874	182440	PY_TR0000137	77	7,3	566
scaffold7647	184733	185849	PY_TR0000138	63	17,7	1116
scaffold7647	196495	196579	PY_TR0000139	17	5,5	84
scaffold7647	196125	196598	PY_TR0000140	30	16,1	473
scaffold7647	199308	204440	PY_TR0000143	93	55,5	5132
scaffold7647	200139	204440	PY_TR0000144	31	138,5	4301
scaffold7647	203836	203872	PY_TR0000145	18	2,1	36
scaffold7647	203808	203903	PY_TR0000146	49	2	95
scaffold7647	203777	203934	PY_TR0000147	80	2	157
scaffold7647	205268	205329	PY_TR0000148	17	3,6	61
scaffold7647	205289	205440	PY_TR0000149	47	3,2	151
scaffold7647	205391	205423	PY_TR0000150	17	1,9	32
scaffold7647	205405	205476	PY_TR0000151	30	2,4	71
scaffold7647	206609	207356	PY_TR0000152	31	24,1	747
scaffold7647	216108	216141	PY_TR0000153	17	2	33
scaffold7647	221737	221828	PY_TR0000154	27	3,4	91
scaffold7647	221786	223423	PY_TR0000155	27	60,7	1637
scaffold7647	223562	223694	PY_TR0000156	40	3,3	132
scaffold7647	223603	223671	PY_TR0000157	13	5,2	68
scaffold7647	223575	223626	PY_TR0000158	27	1,9	51
scaffold7647	225635	227489	PY_TR0000159	35	53,3	1854
scaffold7647	226072	226119	PY_TR0000160	24	2	47
scaffold7647	232446	232551	PY_TR0000161	39	2,7	105
scaffold7647	237188	237407	PY_TR0000162	28	7,8	219
scaffold7647	237524	237780	PY_TR0000163	28	9,2	256
scaffold7647	237499	237810	PY_TR0000164	56	5,6	311
scaffold7647	240319	240632	PY_TR0000165	54	5,8	313
scaffold7647	240321	240632	PY_TR0000166	108	2,9	311
scaffold7647	245560	245605	PY_TR0000167	11	4,2	45
scaffold7647	253199	253607	PY_TR0000168	43	9,5	408
scaffold7647	253153	253607	PY_TR0000169	86	5,3	454
scaffold7647	258989	259041	PY_TR0000170	27	2	52
scaffold7647	260980	261028	PY_TR0000171	25	2	48
scaffold7647	261104	261195	PY_TR0000172	42	2,2	91
scaffold7647	267217	267265	PY_TR0000173	25	2	48
scaffold7647	267341	267432	PY_TR0000174	42	2,2	91
scaffold7647	268834	268982	PY_TR0000175	20	7,4	148
scaffold7647	270901	271088	PY_TR0000176	62	3	187
scaffold7647	271558	271623	PY_TR0000177	3	22	65
scaffold7647	271657	271772	PY_TR0000179	46	2,5	115
scaffold7647	281243	281351	PY_TR0000180	40	2,7	108
scaffold7647	281803	282145	PY_TR0000182	43	8	342
scaffold7647	282645	283042	PY_TR0000184	43	9,3	397
scaffold7647	288292	288877	PY_TR0000186	41	14,3	585
scaffold7647	295447	295941	PY_TR0000188	66	7,8	494
scaffold7647	295565	295653	PY_TR0000189	15	4,9	88
scaffold7647	295576	295664	PY_TR0000190	15	5,5	88
scaffold7647	295476	296153	PY_TR0000191	62	10,4	677
scaffold7647	295746	295781	PY_TR0000192	11	3,3	35
scaffold7647	295900	295951	PY_TR0000193	11	4,3	51
scaffold7647	295757	296115	PY_TR0000194	170	2,1	358
scaffold7647	295858	296053	PY_TR0000195	108	1,8	195
scaffold7647	295938	296150	PY_TR0000197	62	3,3	212
scaffold7647	296104	296209	PY_TR0000198	56	1,9	105
scaffold7647	296538	296592	PY_TR0000199	27	2,1	54
scaffold7647	296499	296824	PY_TR0000200	23	14	325
scaffold7647	296500	296861	PY_TR0000201	23	15,3	361
scaffold7647	296776	296850	PY_TR0000202	27	2,9	74
scaffold7647	297333	297460	PY_TR0000203	22	5,9	127
scaffold7647	297476	297552	PY_TR0000204	22	3,4	76
scaffold7647	308840	308886	PY_TR0000205	23	2	46
scaffold7647	310792	310963	PY_TR0000206	36	4,6	171
scaffold7647	311651	312847	PY_TR0000207	134	8,9	1196
scaffold7647	311857	312935	PY_TR0000208	133	8	1078
scaffold7647	311773	313088	PY_TR0000209	402	3,3	1315
scaffold7647	312729	313213	PY_TR0000210	268	1,8	484
scaffold7647	323203	323469	PY_TR0000211	133	2	266
scaffold7647	330579	330619	PY_TR0000212	16	2,7	40
scaffold7647	332988	333424	PY_TR0000214	156	2,8	436
scaffold7647	333423	333903	PY_TR0000215	52	9,2	480
scaffold7647	333424	333903	PY_TR0000216	208	2,3	479
scaffold7647	333892	335624	PY_TR0000217	52	33,3	1732
scaffold7647	337962	338413	PY_TR0000218	49	9,2	451
scaffold7647	340096	340227	PY_TR0000219	36	3,7	131
scaffold7647	340130	340223	PY_TR0000220	18	5,2	93
scaffold7647	346702	346737	PY_TR0000221	17	2,1	35
scaffold7647	347104	347595	PY_TR0000223	201	2,5	491
scaffold7648	1	952	PY_TR0000225	41	23,1	951
scaffold7648	1	952	PY_TR0000225	41	23,1	951
scaffold7648	594	664	PY_TR0000227	34	2,1	70
scaffold7648	4463	4715	PY_TR0000228	62	4,1	252
scaffold7648	4772	5077	PY_TR0000229	62	4,9	305
scaffold7649	2	952	PY_TR0000231	60	15,8	950
scaffold7649	2	952	PY_TR0000233	120	7,9	950
scaffold7649	13941	14321	PY_TR0000234	189	2	380
scaffold7649	14945	15440	PY_TR0000235	33	15	495
scaffold7649	21199	21739	PY_TR0000236	84	6,4	540
scaffold7649	21200	21739	PY_TR0000237	28	19,2	539
scaffold7649	26526	26944	PY_TR0000238	20	21	418
scaffold7649	27988	28268	PY_TR0000239	145	1,9	280
scaffold7649	28751	30033	PY_TR0000240	128	10	1282
scaffold7649	28750	30033	PY_TR0000241	159	8	1283
scaffold7649	28798	30033	PY_TR0000242	31	38,6	1235
scaffold7649	33161	33434	PY_TR0000243	31	9,1	273
scaffold7649	33137	33459	PY_TR0000244	54	5,7	322
scaffold7649	33116	33409	PY_TR0000245	23	12,7	293
scaffold7649	33347	33459	PY_TR0000246	23	4,6	112
scaffold7649	35080	35411	PY_TR0000248	134	2,5	331
scaffold7649	39197	39404	PY_TR0000249	65	3,2	207
scaffold7649	42273	42304	PY_TR0000250	15	2,1	31
scaffold7649	42917	42974	PY_TR0000251	16	3,6	57
scaffold7649	42904	42981	PY_TR0000252	33	2,4	77
scaffold7649	49028	49076	PY_TR0000253	4	12	48
scaffold7649	49077	49482	PY_TR0000254	4	101	405
scaffold7649	49146	49235	PY_TR0000255	19	5,4	89
scaffold7649	49251	49546	PY_TR0000256	134	2,2	295
scaffold7649	49386	49483	PY_TR0000257	49	2	97
scaffold7649	49545	49848	PY_TR0000258	4	75	303
scaffold7649	49702	49848	PY_TR0000259	41	3,9	146
scaffold7649	49849	50080	PY_TR0000260	4	56,2	231
scaffold7649	49850	50080	PY_TR0000262	25	9,5	230
scaffold7649	50147	50200	PY_TR0000263	4	13,2	53
scaffold7649	50156	50203	PY_TR0000264	25	1,9	47
scaffold7649	50201	50245	PY_TR0000265	4	11	44
scaffold7649	50198	50245	PY_TR0000266	16	2,9	47
scaffold7649	50377	50441	PY_TR0000267	4	16	64
scaffold7649	50323	50530	PY_TR0000268	85	2,4	207
scaffold7649	50479	50526	PY_TR0000269	4	11,8	47
scaffold7649	50525	50672	PY_TR0000270	4	36,8	147
scaffold7649	50590	50647	PY_TR0000272	19	3,4	57
scaffold7649	50577	50659	PY_TR0000273	32	2,6	82
scaffold7649	50717	50835	PY_TR0000274	12	10	118
scaffold7649	50755	50835	PY_TR0000275	4	20,2	80
scaffold7649	52405	53176	PY_TR0000276	35	22	771
scaffold7649	62915	62942	PY_TR0000277	10	2,8	27
scaffold7649	67537	67895	PY_TR0000279	116	3	358
scaffold7649	67540	68509	PY_TR0000280	38	25,2	969
scaffold7649	67897	68509	PY_TR0000281	38	16,1	612
scaffold7649	68742	71354	PY_TR0000282	44	59,6	2612
scaffold7649	69581	69650	PY_TR0000283	22	3,2	69
scaffold7649	71706	73612	PY_TR0000284	36	53	1906
scaffold7649	74153	74448	PY_TR0000285	135	2,2	295
scaffold7649	74380	74990	PY_TR0000286	36	16,9	610
scaffold7649	74663	75059	PY_TR0000287	207	1,9	396
scaffold7649	79293	79374	PY_TR0000288	3	27,3	81
scaffold7649	80414	81732	PY_TR0000289	3	443,3	1318
scaffold7649	82988	83129	PY_TR0000290	54	2,6	141
scaffold7649	88617	88854	PY_TR0000291	82	2,9	237
scaffold7649	91822	91868	PY_TR0000292	13	3,2	46
scaffold7649	92942	93559	PY_TR0000294	64	9,8	617
scaffold7649	93211	93560	PY_TR0000295	92	3,7	349
scaffold7649	93173	93562	PY_TR0000296	32	12,2	389
scaffold7649	97290	97326	PY_TR0000297	14	2,6	36
scaffold7649	97320	99919	PY_TR0000298	27	96,4	2599
scaffold7649	97292	99919	PY_TR0000301	81	32,5	2627
scaffold7649	99648	99699	PY_TR0000302	18	3,2	51
scaffold7649	102516	102738	PY_TR0000303	25	8,9	222
scaffold7649	103013	103043	PY_TR0000304	4	7,8	30
scaffold7649	108580	108612	PY_TR0000305	17	2	32
scaffold7649	109044	111071	PY_TR0000306	48	42,6	2027
scaffold7649	112115	112363	PY_TR0000307	45	5,7	248
scaffold7649	112101	112363	PY_TR0000308	87	3	262
scaffold7649	112115	112369	PY_TR0000309	132	1,9	254
scaffold7649	113235	115198	PY_TR0000310	145	13,6	1963
scaffold7649	113253	115259	PY_TR0000311	434	4,6	2006
scaffold7649	123513	123807	PY_TR0000312	147	2	294
scaffold7649	134095	134259	PY_TR0000313	54	3	164
scaffold7649	134088	134256	PY_TR0000314	55	3,1	168
scaffold7649	137849	137885	PY_TR0000316	15	2,5	36
scaffold7649	137965	138033	PY_TR0000317	34	2	68
scaffold7649	139756	139798	PY_TR0000318	20	2,2	42
scaffold7649	143081	143493	PY_TR0000321	98	4,2	412
scaffold7649	145044	145303	PY_TR0000322	42	6,2	259
scaffold7649	145051	145296	PY_TR0000323	125	2	245
scaffold7649	146688	146752	PY_TR0000324	18	3,6	64
scaffold7649	152206	152251	PY_TR0000325	10	4,5	45
scaffold7649	152225	152253	PY_TR0000326	10	2,9	28
scaffold7649	152206	152346	PY_TR0000327	66	2,1	140
scaffold7649	157436	157460	PY_TR0000328	1	25	24
scaffold7649	161857	161939	PY_TR0000329	39	2,2	82
scaffold7649	161945	162093	PY_TR0000330	39	3,8	148
scaffold7649	162091	166646	PY_TR0000331	39	116,1	4555
scaffold7649	167006	167057	PY_TR0000332	2	26	51
scaffold7649	168661	168709	PY_TR0000333	22	2,2	48
scaffold7649	168925	169203	PY_TR0000334	42	6,6	278
scaffold7649	174588	174951	PY_TR0000335	60	6	363
scaffold7649	174599	174949	PY_TR0000336	186	1,9	350
scaffold7649	176894	177901	PY_TR0000337	24	40,4	1007
scaffold7649	176901	177024	PY_TR0000338	53	2,4	123
scaffold7649	177599	177658	PY_TR0000339	30	2	59
scaffold7649	177074	177819	PY_TR0000340	346	2,2	745
scaffold7649	177644	177819	PY_TR0000341	94	1,9	175
scaffold7649	178788	184648	PY_TR0000344	72	80,9	5860
scaffold7649	183061	184648	PY_TR0000345	24	65,9	1587
scaffold7649	192927	192972	PY_TR0000346	11	4,2	45
scaffold7649	192924	192982	PY_TR0000347	22	2,7	58
scaffold7649	193811	193858	PY_TR0000348	22	2,2	47
scaffold7649	195535	195589	PY_TR0000349	19	2,9	54
scaffold7649	195499	197785	PY_TR0000351	38	60,2	2286
scaffold7649	196255	196328	PY_TR0000352	20	3,9	73
scaffold7649	195499	197785	PY_TR0000353	58	40,1	2286
scaffold7649	196372	197592	PY_TR0000354	115	10,7	1220
scaffold7649	197628	197697	PY_TR0000355	33	2,1	69
scaffold7649	195545	197804	PY_TR0000356	19	118,8	2259
scaffold7649	199059	199108	PY_TR0000357	17	2,8	49
scaffold7649	200435	200641	PY_TR0000359	4	52	206
scaffold7649	200641	200692	PY_TR0000360	4	13	51
scaffold7649	203406	203437	PY_TR0000361	16	2	31
scaffold7649	206596	206629	PY_TR0000362	3	11,3	33
scaffold7649	209327	209421	PY_TR0000363	3	31,7	94
scaffold7649	211511	211568	PY_TR0000364	10	5,6	57
scaffold7649	211505	211568	PY_TR0000365	21	3	63
scaffold7649	211511	211584	PY_TR0000366	31	2,2	73
scaffold7649	211561	211642	PY_TR0000367	14	5,6	81
scaffold7649	211547	211642	PY_TR0000368	31	3,4	95
scaffold7649	211636	211708	PY_TR0000369	21	3,3	72
scaffold7649	211605	211738	PY_TR0000370	46	2,8	133
scaffold7649	211547	211698	PY_TR0000371	25	5,9	151
scaffold7649	213340	213430	PY_TR0000372	46	2	90
scaffold7649	214554	214588	PY_TR0000373	17	2,1	34
scaffold7649	215462	216000	PY_TR0000374	48	11	538
scaffold7649	215458	216000	PY_TR0000375	24	22,1	542
scaffold7649	215532	215559	PY_TR0000376	9	3,1	27
scaffold7649	215484	215664	PY_TR0000377	57	3,2	180
scaffold7649	215603	216000	PY_TR0000378	72	5,6	397
scaffold7649	215790	215826	PY_TR0000379	9	4,1	36
scaffold7649	219125	219656	PY_TR0000380	45	11,9	531
scaffold7649	222646	223550	PY_TR0000381	145	6,2	904
scaffold7649	224865	225001	PY_TR0000382	66	2,1	136
scaffold7649	228672	228841	PY_TR0000383	10	17	169
scaffold7649	228973	229117	PY_TR0000385	30	4,8	144
scaffold7649	228697	229343	PY_TR0000386	276	2,3	646
scaffold7649	229249	229343	PY_TR0000387	10	9,5	94
scaffold7649	229034	229460	PY_TR0000388	226	1,9	426
scaffold7649	233473	233581	PY_TR0000389	54	2	108
scaffold7649	233691	233859	PY_TR0000390	55	3,1	168
scaffold7649	237429	237464	PY_TR0000392	15	2,4	35
scaffold7649	237449	237630	PY_TR0000393	92	2	181
scaffold7649	237628	237706	PY_TR0000394	34	2,3	78
scaffold7649	242827	243146	PY_TR0000395	33	9,8	319
scaffold7649	242831	243146	PY_TR0000396	130	2,4	315
scaffold7649	245879	246175	PY_TR0000397	42	7,1	296
scaffold7649	246372	247843	PY_TR0000398	145	10	1471
scaffold7649	247899	247963	PY_TR0000399	18	3,6	64
scaffold7649	259315	259382	PY_TR0000402	25	2,6	67
scaffold7649	259318	259389	PY_TR0000403	34	2,1	71
scaffold7649	259315	259389	PY_TR0000404	10	7	74
scaffold7649	264952	272932	PY_TR0000406	39	204,9	7980
scaffold7649	266914	266938	PY_TR0000407	12	2,1	24
scaffold7649	269066	269130	PY_TR0000408	21	3,2	64
scaffold7649	271772	271836	PY_TR0000409	19	3,4	64
scaffold7650	782	952	PY_TR0000411	31	5,5	170
scaffold7650	782	952	PY_TR0000411	31	5,5	170
scaffold7651	3764	4359	PY_TR0000413	298	2	595
scaffold7652	2200	2864	PY_TR0000414	333	2	664
scaffold7653	892	951	PY_TR0000415	25	2,3	59
scaffold7653	892	951	PY_TR0000415	25	2,3	59
scaffold7653	5887	10070	PY_TR0000416	50	83,7	4183
scaffold7653	6588	6667	PY_TR0000417	39	2,1	79
scaffold7653	11419	11610	PY_TR0000418	54	3,6	191
scaffold7653	12077	12136	PY_TR0000419	29	2,1	59
scaffold7653	13588	13671	PY_TR0000420	3	27,7	83
scaffold7653	13755	13833	PY_TR0000421	3	26,7	78
scaffold7653	15308	16567	PY_TR0000422	74	17	1259
scaffold7653	17839	18949	PY_TR0000423	22	50,8	1110
scaffold7653	17842	18894	PY_TR0000424	174	6	1052
scaffold7653	23489	27084	PY_TR0000425	38	94,7	3595
scaffold7653	28162	28187	PY_TR0000426	12	2,2	25
scaffold7653	28859	29908	PY_TR0000427	44	23,6	1049
scaffold7653	37422	37478	PY_TR0000428	29	2	56
scaffold7653	40226	42127	PY_TR0000429	57	33,3	1901
scaffold7653	42111	42218	PY_TR0000430	28	3,9	107
scaffold7653	42121	42245	PY_TR0000431	56	2,2	124
scaffold7653	43202	43299	PY_TR0000432	45	2,2	97
scaffold7653	47908	47972	PY_TR0000435	23	2,8	64
scaffold7653	48026	48388	PY_TR0000436	156	2,3	362
scaffold7653	48450	48940	PY_TR0000437	268	1,8	490
scaffold7653	48800	49065	PY_TR0000438	134	2	265
scaffold7653	52666	53874	PY_TR0000439	41	29,5	1208
scaffold7653	53865	54133	PY_TR0000442	41	6,6	268
scaffold7653	53906	54133	PY_TR0000443	123	1,9	227
scaffold7653	57983	58069	PY_TR0000444	40	2,2	86
scaffold7653	58752	58823	PY_TR0000445	37	1,9	71
scaffold7653	61438	61748	PY_TR0000446	62	5	310
scaffold7653	61441	61736	PY_TR0000447	126	2,4	295
scaffold7653	62181	62428	PY_TR0000448	128	1,9	247
scaffold7653	67650	68066	PY_TR0000449	32	13,1	416
scaffold7653	68288	68767	PY_TR0000450	82	5,9	479
scaffold7653	69913	75252	PY_TR0000451	50	106,8	5339
scaffold7653	71478	71534	PY_TR0000452	28	2	56
scaffold7653	71430	71583	PY_TR0000453	78	2	153
scaffold7653	71378	71634	PY_TR0000454	128	2	256
scaffold7653	71339	71684	PY_TR0000455	178	1,9	345
scaffold7653	71992	72137	PY_TR0000456	73	2	145
scaffold7653	71946	72210	PY_TR0000457	123	2,2	264
scaffold7653	72165	72233	PY_TR0000458	23	3	68
scaffold7653	76685	76741	PY_TR0000459	23	2,5	56
scaffold7653	77879	77947	PY_TR0000460	21	3,2	68
scaffold7653	77934	78012	PY_TR0000461	23	3,4	78
scaffold7653	77864	78099	PY_TR0000462	22	10,7	235
scaffold7653	78456	78579	PY_TR0000463	43	2,9	123
scaffold7653	83236	83263	PY_TR0000464	2	14	27
scaffold7653	84926	89897	PY_TR0000467	156	32,3	4971
scaffold7653	86678	86753	PY_TR0000468	37	2,1	75
scaffold7653	86715	87167	PY_TR0000469	52	8,8	452
scaffold7653	87129	87203	PY_TR0000470	37	2	74
scaffold7653	87166	87557	PY_TR0000471	52	7,6	391
scaffold7653	87027	87306	PY_TR0000472	139	2	279
scaffold7653	87527	87601	PY_TR0000473	37	2	74
scaffold7653	87479	87654	PY_TR0000474	89	2	175
scaffold7653	87564	89897	PY_TR0000475	52	45,1	2333
scaffold7653	91741	95066	PY_TR0000476	35	95,1	3325
scaffold7653	97376	97884	PY_TR0000477	50	10,2	508
scaffold7653	97382	97884	PY_TR0000478	150	3,4	502
scaffold7653	98497	98529	PY_TR0000479	17	2	32
scaffold7653	100614	100933	PY_TR0000480	168	1,9	319
scaffold7653	102580	102641	PY_TR0000482	10	6,1	61
scaffold7653	104713	104841	PY_TR0000483	37	3,5	128
scaffold7653	104842	109321	PY_TR0000485	111	40,5	4479
scaffold7653	107158	109321	PY_TR0000486	37	58,5	2163
scaffold7653	107064	107234	PY_TR0000487	94	1,8	170
scaffold7653	107034	107280	PY_TR0000488	131	1,9	246
scaffold7653	104988	108846	PY_TR0000489	37	104,9	3858
scaffold7653	110178	110556	PY_TR0000490	49	7,7	378
scaffold7653	110558	110714	PY_TR0000491	37	4,2	156
scaffold7653	116306	116780	PY_TR0000493	100	4,7	474
scaffold7653	116702	116866	PY_TR0000494	86	1,9	164
scaffold7653	116790	117068	PY_TR0000495	51	5,5	278
scaffold7653	116306	118756	PY_TR0000496	288	8,3	2450
scaffold7653	116790	117054	PY_TR0000497	100	2,6	264
scaffold7653	116838	117095	PY_TR0000498	51	5,1	257
scaffold7653	116990	117154	PY_TR0000499	86	1,9	164
scaffold7653	117078	118756	PY_TR0000500	51	33,9	1678
scaffold7653	117374	118041	PY_TR0000501	98	6,6	667
scaffold7653	118058	118113	PY_TR0000502	29	1,9	55
scaffold7653	117130	118756	PY_TR0000503	196	8,2	1626
scaffold7653	119159	120562	PY_TR0000504	27	52,2	1403
scaffold7653	120215	120252	PY_TR0000505	19	2	37
scaffold7653	120216	120259	PY_TR0000506	19	2,3	43
scaffold7653	120727	120760	PY_TR0000507	2	17	33
scaffold7653	122767	122791	PY_TR0000508	12	2,1	24
scaffold7653	124544	124754	PY_TR0000509	111	1,9	210
scaffold7653	126499	128118	PY_TR0000510	58	27,8	1619
scaffold7653	126555	130194	PY_TR0000511	19	188,9	3639
scaffold7653	127486	127676	PY_TR0000512	39	4,9	190
scaffold7653	128026	128051	PY_TR0000513	11	2,4	25
scaffold7653	127968	128109	PY_TR0000514	69	2,1	141
scaffold7653	128120	128715	PY_TR0000515	58	10,3	595
scaffold7653	128370	128464	PY_TR0000516	30	3,2	94
scaffold7653	126499	130194	PY_TR0000517	174	21,4	3695
scaffold7653	128668	129216	PY_TR0000518	39	14,3	548
scaffold7653	128610	129100	PY_TR0000519	97	5,1	490
scaffold7653	128704	130194	PY_TR0000520	58	25,7	1490
scaffold7653	128562	128872	PY_TR0000521	151	2	310
scaffold7653	129605	129780	PY_TR0000522	39	4,5	175
scaffold7653	133228	134291	PY_TR0000523	32	33,3	1063
scaffold7653	139701	139731	PY_TR0000524	14	2,2	30
scaffold7653	142420	143993	PY_TR0000525	21	75	1573
scaffold7653	149878	149959	PY_TR0000526	26	3,2	81
scaffold7653	149868	149977	PY_TR0000527	52	2,1	109
scaffold7653	149894	149976	PY_TR0000528	26	3,2	82
scaffold7653	150025	150317	PY_TR0000529	51	5,7	292
scaffold7653	150052	150189	PY_TR0000530	26	5,4	137
scaffold7653	149980	150335	PY_TR0000531	153	2,3	355
scaffold7653	150409	150551	PY_TR0000532	25	5,2	142
scaffold7653	150434	150535	PY_TR0000533	31	3,5	101
scaffold7653	150286	152044	PY_TR0000534	56	31,5	1758
scaffold7653	151023	151109	PY_TR0000535	25	3,2	86
scaffold7653	151104	151196	PY_TR0000536	31	3,2	92
scaffold7653	151528	151667	PY_TR0000537	30	5,1	139
scaffold7653	151753	151950	PY_TR0000538	26	7,2	197
scaffold7653	151817	151961	PY_TR0000539	30	5,3	144
scaffold7653	156186	164644	PY_TR0000540	30	280,9	8458
scaffold7653	159170	159223	PY_TR0000541	17	3,4	53
scaffold7653	159228	159336	PY_TR0000542	36	3	108
scaffold7653	159448	159520	PY_TR0000543	36	2	72
scaffold7653	159693	159776	PY_TR0000544	42	2	83
scaffold7653	159608	159866	PY_TR0000545	132	2	258
scaffold7653	159633	159836	PY_TR0000546	102	2	203
scaffold7653	160207	160394	PY_TR0000547	101	1,9	187
scaffold7653	160560	160653	PY_TR0000548	49	1,9	93
scaffold7653	160496	160710	PY_TR0000549	109	1,9	214
scaffold7653	164385	164458	PY_TR0000550	37	2	73
scaffold7653	164656	164751	PY_TR0000551	30	3,2	95
scaffold7653	165816	166132	PY_TR0000552	22	14,4	316
scaffold7653	167620	167847	PY_TR0000553	53	4,3	227
scaffold7653	167856	168349	PY_TR0000556	159	3,1	493
scaffold7653	168358	169500	PY_TR0000557	53	21,2	1142
scaffold7653	168284	168427	PY_TR0000558	78	1,8	143
scaffold7653	168227	168480	PY_TR0000559	131	1,9	253
scaffold7653	168174	168530	PY_TR0000560	184	1,9	356
scaffold7653	168121	168574	PY_TR0000561	237	1,9	453
scaffold7653	168679	168822	PY_TR0000562	78	1,8	143
scaffold7653	168623	168875	PY_TR0000563	131	1,9	252
scaffold7653	168570	168927	PY_TR0000564	184	2	357
scaffold7653	168517	168979	PY_TR0000565	236	2	462
scaffold7653	168753	169500	PY_TR0000566	159	4,7	747
scaffold7653	171876	171917	PY_TR0000567	15	2,8	41
scaffold7653	175952	176054	PY_TR0000568	27	3,9	102
scaffold7653	176777	177630	PY_TR0000570	186	4,6	853
scaffold7653	178065	179181	PY_TR0000572	98	11,4	1116
scaffold7653	178078	179000	PY_TR0000574	79	11,7	922
scaffold7653	179243	179277	PY_TR0000575	17	2,1	34
scaffold7653	179263	179631	PY_TR0000576	20	18,5	368
scaffold7654	6	182	PY_TR0000579	30	5,9	176
scaffold7655	2301	2629	PY_TR0000581	26	12,7	328
scaffold7655	2301	2629	PY_TR0000581	26	12,7	328
scaffold7655	2336	2629	PY_TR0000582	78	3,8	293
scaffold7655	3716	3765	PY_TR0000583	26	2	49
scaffold7655	4030	4189	PY_TR0000584	30	5,3	159
scaffold7655	5230	8864	PY_TR0000585	33	109,8	3634
scaffold7655	6108	6162	PY_TR0000586	16	3,4	54
scaffold7655	7433	7822	PY_TR0000587	16	23,8	389
scaffold7655	7419	7506	PY_TR0000588	17	5,3	87
scaffold7655	7681	7801	PY_TR0000589	17	7,3	120
scaffold7655	7970	8048	PY_TR0000590	16	4,8	78
scaffold7655	7977	8031	PY_TR0000591	17	3,3	54
scaffold7655	9898	9975	PY_TR0000592	33	2,4	77
scaffold7655	10724	14826	PY_TR0000593	24	171	4102
scaffold7655	15114	15453	PY_TR0000594	42	8,1	339
scaffold7655	16742	16789	PY_TR0000595	23	2,1	47
scaffold7655	16701	16830	PY_TR0000596	64	2	129
scaffold7655	16584	16766	PY_TR0000597	41	4,5	182
scaffold7655	16660	16865	PY_TR0000598	105	2	205
scaffold7655	16619	16912	PY_TR0000599	146	2	293
scaffold7655	16584	16953	PY_TR0000600	187	2	369
scaffold7655	16765	17005	PY_TR0000601	41	5,9	240
scaffold7655	19395	19518	PY_TR0000603	63	2	123
scaffold7655	19757	19966	PY_TR0000604	98	2,1	209
scaffold7655	19900	20114	PY_TR0000605	74	2,9	214
scaffold7655	20048	20267	PY_TR0000606	98	2,2	219
scaffold7655	20550	21168	PY_TR0000607	98	6,3	618
scaffold7655	21355	22087	PY_TR0000608	26	28,2	732
scaffold7655	26793	26818	PY_TR0000609	9	2,9	25
scaffold7655	26809	27276	PY_TR0000610	94	5,4	467
scaffold7655	26933	27323	PY_TR0000611	47	8,4	390
scaffold7655	26932	27316	PY_TR0000612	185	2,1	384
scaffold7655	27257	27440	PY_TR0000613	75	2,3	183
scaffold7655	29995	30043	PY_TR0000614	24	2	48
scaffold7655	34994	35249	PY_TR0000615	30	8,6	255
scaffold7655	38539	38740	PY_TR0000617	79	2,5	201
scaffold7655	38902	39219	PY_TR0000618	170	1,9	317
scaffold7655	39360	39508	PY_TR0000619	78	1,9	148
scaffold7655	39501	39526	PY_TR0000620	9	2,9	25
scaffold7655	40421	40492	PY_TR0000621	34	2,2	71
scaffold7655	42372	42438	PY_TR0000622	24	2,9	66
scaffold7655	42649	42695	PY_TR0000623	18	2,6	46
scaffold7655	42707	42755	PY_TR0000624	23	2,1	48
scaffold7655	42700	42793	PY_TR0000625	18	5	93
scaffold7655	42845	43831	PY_TR0000626	18	58,2	986
scaffold7655	43012	43672	PY_TR0000627	8	77,6	660
scaffold7655	43001	43724	PY_TR0000628	26	28,8	723
scaffold7655	42996	43702	PY_TR0000629	44	15,9	706
scaffold7655	47565	47855	PY_TR0000630	18	16,3	290
scaffold7655	47681	47761	PY_TR0000631	8	9,5	80
scaffold7655	47611	47852	PY_TR0000632	26	9,1	241
scaffold7655	48024	48114	PY_TR0000633	18	5,1	90
scaffold7655	53119	53183	PY_TR0000634	32	2	64
scaffold7655	53729	54687	PY_TR0000637	183	5,2	958
scaffold7655	55067	55311	PY_TR0000638	37	6,6	244
scaffold7655	57118	57288	PY_TR0000639	37	4,6	170
scaffold7655	59039	59092	PY_TR0000640	25	2,2	53
scaffold7655	59062	59148	PY_TR0000641	16	5,5	86
scaffold7655	64056	64914	PY_TR0000642	429	2	858
scaffold7655	65533	65595	PY_TR0000643	33	1,9	62
scaffold7655	66312	66349	PY_TR0000644	18	2,1	37
scaffold7655	66315	66357	PY_TR0000645	18	2,4	42
scaffold7655	66348	66480	PY_TR0000647	36	3,7	132
scaffold7655	66326	66447	PY_TR0000648	54	2,3	121
scaffold7655	68593	68787	PY_TR0000649	98	2	194
scaffold7655	70733	70760	PY_TR0000650	1	28	27
scaffold7655	72145	72447	PY_TR0000651	16	20,7	302
scaffold7655	72160	72478	PY_TR0000652	41	7,8	318
scaffold7655	72397	72472	PY_TR0000653	25	3	75
scaffold7655	76472	76554	PY_TR0000654	17	5	82
scaffold7655	76688	77237	PY_TR0000656	26	21,2	549
scaffold7655	82109	82728	PY_TR0000657	21	29,8	619
scaffold7655	83517	83700	PY_TR0000658	21	8,8	183
scaffold7655	83693	83731	PY_TR0000659	20	1,9	38
scaffold7655	87433	87781	PY_TR0000660	43	8,1	348
scaffold7655	92817	92893	PY_TR0000661	4	19,8	76
scaffold7655	97046	97901	PY_TR0000662	61	14,2	855
scaffold7655	98398	98440	PY_TR0000663	11	3,9	42
scaffold7655	99467	99514	PY_TR0000664	25	1,9	47
scaffold7655	101503	101663	PY_TR0000665	41	3,9	160
scaffold7655	110154	110193	PY_TR0000666	20	2	39
scaffold7655	110177	110214	PY_TR0000667	17	2,2	37
scaffold7655	110157	110204	PY_TR0000668	23	2,1	47
scaffold7655	110164	110211	PY_TR0000669	13	3,5	47
scaffold7655	118362	118513	PY_TR0000670	50	3	151
scaffold7655	118587	118613	PY_TR0000671	12	2,2	26
scaffold7655	119275	119301	PY_TR0000672	5	5,4	26
scaffold7655	120765	120837	PY_TR0000673	32	2,3	72
scaffold7655	123778	123858	PY_TR0000674	27	3	80
scaffold7655	126611	126902	PY_TR0000675	34	8,3	291
scaffold7655	126724	126882	PY_TR0000676	16	9,3	158
scaffold7655	127027	127052	PY_TR0000677	1	26	25
scaffold7655	129706	130500	PY_TR0000678	44	17,9	794
scaffold7655	129773	129841	PY_TR0000679	21	3,2	68
scaffold7655	130740	130966	PY_TR0000680	3	76	226
scaffold7655	133780	133881	PY_TR0000681	29	3,5	101
scaffold7655	133922	134694	PY_TR0000682	30	27	772
scaffold7655	133992	134774	PY_TR0000683	141	5,6	782
scaffold7655	134511	134667	PY_TR0000684	81	1,9	156
scaffold7655	134646	134739	PY_TR0000685	45	2,1	93
scaffold7655	134691	134774	PY_TR0000686	30	2,8	83
scaffold7655	134616	134769	PY_TR0000687	75	2,1	153
scaffold7655	135343	135476	PY_TR0000688	72	1,9	133
scaffold7655	135442	135512	PY_TR0000689	36	2	70
scaffold7655	136317	136776	PY_TR0000691	90	5,1	459
scaffold7655	142172	142257	PY_TR0000693	10	8,6	85
scaffold7655	143125	143152	PY_TR0000694	1	28	27
scaffold7655	146643	146810	PY_TR0000695	3	57	167
scaffold7655	146815	146864	PY_TR0000696	3	16,7	49
scaffold7655	146818	146873	PY_TR0000697	12	4,7	55
scaffold7655	146670	146896	PY_TR0000698	9	25,7	226
scaffold7656	449	538	PY_TR0000700	45	2	89
scaffold7656	449	538	PY_TR0000700	45	2	89
scaffold7656	544	663	PY_TR0000702	36	3,3	119
scaffold7656	5582	6170	PY_TR0000703	295	2	588
scaffold7657	1	291	PY_TR0000705	55	5,3	290
scaffold7657	1	690	PY_TR0000706	165	4,3	689
scaffold7657	252	331	PY_TR0000707	40	2	79
scaffold7657	292	690	PY_TR0000708	55	7,3	398
scaffold7657	198	384	PY_TR0000709	95	2	186
scaffold7657	303	392	PY_TR0000710	26	3,3	89
scaffold7657	1	690	PY_TR0000711	315	2,1	689
scaffold7657	604	690	PY_TR0000712	29	3,1	86
scaffold7657	2921	3357	PY_TR0000713	55	7,9	436
scaffold7657	9029	9056	PY_TR0000714	13	2,2	27
scaffold7657	12217	12635	PY_TR0000715	164	2,6	418
scaffold7657	12711	12794	PY_TR0000716	30	2,8	83
scaffold7657	12732	12982	PY_TR0000717	73	3,4	250
scaffold7657	12636	12862	PY_TR0000718	103	2,2	226
scaffold7657	12877	12937	PY_TR0000719	30	2	60
scaffold7657	12879	13098	PY_TR0000720	120	1,8	219
scaffold7657	12818	13175	PY_TR0000721	193	1,9	357
scaffold7657	13143	13203	PY_TR0000722	30	2	60
scaffold7657	12745	13244	PY_TR0000723	266	1,9	499
scaffold7657	13295	13352	PY_TR0000724	30	1,9	57
scaffold7657	13252	13611	PY_TR0000725	116	3,2	359
scaffold7657	13315	13434	PY_TR0000726	43	2,8	119
scaffold7657	13478	13568	PY_TR0000727	30	3	90
scaffold7657	13540	13693	PY_TR0000728	38	4,1	153
scaffold7657	13577	13647	PY_TR0000729	30	2,4	70
scaffold7657	13418	13634	PY_TR0000730	103	2,1	216
scaffold7657	13011	13683	PY_TR0000731	73	9,3	672
scaffold7657	13798	14032	PY_TR0000733	30	8,4	234
scaffold7657	13919	14034	PY_TR0000734	30	3,9	115
scaffold7657	13846	13983	PY_TR0000735	73	1,9	137
scaffold7657	13816	14002	PY_TR0000736	103	1,8	186
scaffold7657	13799	14164	PY_TR0000737	133	2,7	365
scaffold7657	14093	14163	PY_TR0000738	30	2,4	70
scaffold7657	14314	14486	PY_TR0000739	30	5,8	172
scaffold7657	14041	14693	PY_TR0000740	291	2,2	652
scaffold7657	14605	14693	PY_TR0000741	30	3	88
scaffold7657	14734	14849	PY_TR0000742	30	3,9	115
scaffold7657	14772	15002	PY_TR0000743	78	3	230
scaffold7657	14856	14936	PY_TR0000744	30	2,7	80
scaffold7657	14699	15142	PY_TR0000745	103	4,3	443
scaffold7657	14946	15039	PY_TR0000746	30	3,3	93
scaffold7657	14959	15172	PY_TR0000747	30	6,7	213
scaffold7657	15356	15446	PY_TR0000748	30	3	90
scaffold7657	15295	15491	PY_TR0000749	103	1,9	196
scaffold7657	14987	15678	PY_TR0000750	292	2,3	691
scaffold7657	15615	15763	PY_TR0000751	43	3,5	148
scaffold7657	15733	15793	PY_TR0000752	30	2	60
scaffold7657	15687	16109	PY_TR0000753	73	5,5	422
scaffold7657	15806	15866	PY_TR0000754	30	2	60
scaffold7657	15889	16033	PY_TR0000755	30	4,7	144
scaffold7657	15819	16990	PY_TR0000756	137	8,3	1171
scaffold7657	16069	16465	PY_TR0000757	30	12,4	396
scaffold7657	16081	18847	PY_TR0000758	90	27,7	2766
scaffold7657	16183	16466	PY_TR0000759	60	4,5	283
scaffold7657	16475	16539	PY_TR0000760	30	2,2	64
scaffold7657	16402	16616	PY_TR0000761	73	2,9	214
scaffold7657	16549	16676	PY_TR0000762	30	4,1	127
scaffold7657	16655	16755	PY_TR0000763	43	2,3	100
scaffold7657	16762	16856	PY_TR0000764	30	3,2	94
scaffold7657	16269	16856	PY_TR0000765	210	2,8	587
scaffold7657	16892	17023	PY_TR0000766	30	4,4	131
scaffold7657	16922	17400	PY_TR0000767	137	3,5	478
scaffold7657	17033	17160	PY_TR0000768	30	4,1	127
scaffold7657	16475	17294	PY_TR0000769	304	2,7	819
scaffold7657	17196	17297	PY_TR0000770	30	3,4	101
scaffold7657	16732	17702	PY_TR0000771	304	3,1	970
scaffold7657	17310	17400	PY_TR0000772	30	3	90
scaffold7657	17366	17578	PY_TR0000773	45	4,8	212
scaffold7657	17542	17636	PY_TR0000775	30	3,2	94
scaffold7657	17645	17711	PY_TR0000776	30	2,2	66
scaffold7657	17454	17784	PY_TR0000777	75	4,5	330
scaffold7657	17720	17802	PY_TR0000778	30	2,8	82
scaffold7657	17454	17784	PY_TR0000779	148	2,2	330
scaffold7657	17780	17901	PY_TR0000780	43	2,8	121
scaffold7657	17867	18847	PY_TR0000781	30	31,5	980
scaffold7657	17572	17911	PY_TR0000782	73	4,6	339
scaffold7657	17999	18174	PY_TR0000783	73	2,4	175
scaffold7657	18052	18139	PY_TR0000784	43	2	87
scaffold7657	18082	18109	PY_TR0000785	13	2,2	27
scaffold7657	18735	18784	PY_TR0000786	15	3,3	49
scaffold7657	19633	20526	PY_TR0000787	121	7,3	893
scaffold7657	20043	20551	PY_TR0000788	258	2	508
scaffold7657	21652	24372	PY_TR0000789	39	69,5	2720
scaffold7657	26568	26975	PY_TR0000790	39	10,5	407
scaffold7657	29954	30505	PY_TR0000791	276	2	551
scaffold7657	33162	33683	PY_TR0000792	158	3,3	521
scaffold7657	40061	41994	PY_TR0000793	16	120,9	1933
scaffold7657	40083	41994	PY_TR0000794	112	17,1	1911
scaffold7657	40061	41993	PY_TR0000795	32	60,4	1932
scaffold7657	42180	42313	PY_TR0000796	21	6,4	133
scaffold7657	45809	46229	PY_TR0000797	31	13,5	420
scaffold7657	46263	46351	PY_TR0000798	11	8,1	88
scaffold7657	47661	48453	PY_TR0000799	49	16,2	792
scaffold7657	48725	48749	PY_TR0000800	1	25	24
scaffold7657	54983	55051	PY_TR0000801	11	6,3	68
scaffold7657	54975	55048	PY_TR0000802	22	3,3	73
scaffold7657	55090	55127	PY_TR0000803	6	6,7	37
scaffold7657	55089	55124	PY_TR0000804	11	3,3	35
scaffold7657	55090	55127	PY_TR0000805	17	2,2	37
scaffold7657	55623	55783	PY_TR0000806	31	5,2	160
scaffold7657	55587	55785	PY_TR0000807	62	3,2	198
scaffold7657	55787	57714	PY_TR0000808	22	88,8	1927
scaffold7657	56410	56469	PY_TR0000809	11	5,5	59
scaffold7657	57331	57410	PY_TR0000810	11	7,5	79
scaffold7657	57456	57494	PY_TR0000811	11	3,5	38
scaffold7657	58780	58826	PY_TR0000812	23	2	46
scaffold7657	60398	60489	PY_TR0000813	31	3	91
scaffold7657	61465	61736	PY_TR0000814	2	136	271
scaffold7657	65475	65519	PY_TR0000815	22	2	44
scaffold7657	67466	67554	PY_TR0000816	21	4,3	88
scaffold7657	67684	67733	PY_TR0000818	21	2,4	49
scaffold7657	72536	72563	PY_TR0000819	12	2,3	27
scaffold7657	73126	75863	PY_TR0000820	19	148	2737
scaffold7657	73299	73613	PY_TR0000821	29	10	314
scaffold7657	74847	74906	PY_TR0000822	29	2,1	59
scaffold7657	79919	80462	PY_TR0000823	29	18,8	543
scaffold7657	83082	83490	PY_TR0000824	25	16,2	408
scaffold7657	83209	83530	PY_TR0000825	75	4,4	321
scaffold7657	83537	83617	PY_TR0000826	40	2	80
scaffold7657	83442	83645	PY_TR0000827	70	2,9	203
scaffold7657	83863	84004	PY_TR0000828	25	5,7	141
scaffold7657	83897	83991	PY_TR0000829	15	7,3	94
scaffold7657	88117	88506	PY_TR0000830	30	13	389
scaffold7657	89700	90156	PY_TR0000832	100	4,6	456
scaffold7657	90230	92613	PY_TR0000834	50	47,2	2383
scaffold7657	91472	91623	PY_TR0000835	76	2	151
scaffold7657	91422	91673	PY_TR0000836	126	2	251
scaffold7657	91383	91723	PY_TR0000837	176	1,9	340
scaffold7657	93461	95921	PY_TR0000838	23	107,1	2460
scaffold7657	93447	96395	PY_TR0000839	46	64,4	2948
scaffold7657	93481	96395	PY_TR0000840	69	42,4	2914
scaffold7657	95924	96395	PY_TR0000841	23	20,6	471
scaffold7657	101606	101647	PY_TR0000842	3	14	41
scaffold7657	102891	102952	PY_TR0000843	2	31	61
scaffold7657	102952	102988	PY_TR0000844	2	18,5	36
scaffold7657	103388	103452	PY_TR0000845	20	3,2	64
scaffold7657	103391	103631	PY_TR0000846	40	6,1	240
scaffold7657	107637	117618	PY_TR0000847	48	207,8	9981
scaffold7657	110864	110941	PY_TR0000848	24	3,2	77
scaffold7657	111506	111542	PY_TR0000849	19	1,9	36
scaffold7657	111579	111631	PY_TR0000850	25	2,2	52
scaffold7657	111463	111679	PY_TR0000851	73	3,1	216
scaffold7657	112108	112185	PY_TR0000852	24	3,2	77
scaffold7657	112132	112209	PY_TR0000853	24	3,2	77
scaffold7657	112516	112596	PY_TR0000854	24	3,4	80
scaffold7657	112540	112615	PY_TR0000855	24	3,2	75
scaffold7657	117618	120182	PY_TR0000857	124	20,6	2564
scaffold7657	118013	118080	PY_TR0000858	22	3,2	67
scaffold7657	119226	119330	PY_TR0000859	52	2	104
scaffold7657	119926	119993	PY_TR0000860	22	3,2	67
scaffold7657	117618	120182	PY_TR0000861	83	30,9	2564
scaffold7657	120282	120698	PY_TR0000862	39	10,6	416
scaffold7657	120439	120500	PY_TR0000863	32	1,9	61
scaffold7657	122505	122534	PY_TR0000864	15	2	29
scaffold7657	136446	136491	PY_TR0000865	17	2,7	45
scaffold7657	139933	139974	PY_TR0000866	21	2	41
scaffold7657	146033	146117	PY_TR0000867	42	2	84
scaffold7657	151034	151336	PY_TR0000868	157	1,9	302
scaffold7657	153635	154032	PY_TR0000869	31	12,9	397
scaffold7657	153637	154032	PY_TR0000870	122	3,2	395
scaffold7657	154366	154633	PY_TR0000871	135	2	267
scaffold7657	155094	155241	PY_TR0000872	42	3,5	147
scaffold7657	155944	156475	PY_TR0000873	142	3,9	531
scaffold7657	156105	156570	PY_TR0000874	134	3,5	465
scaffold7657	158298	158571	PY_TR0000875	145	1,9	273
scaffold7657	158601	158639	PY_TR0000877	12	3,2	38
scaffold7657	159713	159807	PY_TR0000878	46	2,1	94
scaffold7657	162921	163825	PY_TR0000879	35	25,7	904
scaffold7657	163920	164527	PY_TR0000881	286	2,1	607
scaffold7657	165194	165587	PY_TR0000882	90	4,4	393
scaffold7657	165944	166399	PY_TR0000883	46	9,9	455
scaffold7657	167357	167687	PY_TR0000885	93	3,5	330
scaffold7657	167356	167687	PY_TR0000886	141	2,3	331
scaffold7657	173500	173644	PY_TR0000887	25	5,8	144
scaffold7657	174387	174631	PY_TR0000888	52	4,8	244
scaffold7657	174426	174608	PY_TR0000889	102	1,8	182
scaffold7657	174629	174663	PY_TR0000890	8	4,4	34
scaffold7657	174771	174942	PY_TR0000891	76	2,3	171
scaffold7657	174868	175193	PY_TR0000893	102	3,2	325
scaffold7657	176447	176760	PY_TR0000895	157	2	313
scaffold7657	176732	176771	PY_TR0000896	4	10	39
scaffold7657	176909	176943	PY_TR0000897	18	1,9	34
scaffold7657	178719	178917	PY_TR0000898	28	7,1	198
scaffold7657	180892	181159	PY_TR0000900	67	4	267
scaffold7657	182462	182528	PY_TR0000901	19	3,3	66
scaffold7657	182448	183836	PY_TR0000902	42	33	1388
scaffold7657	182693	182763	PY_TR0000903	23	3,3	70
scaffold7657	182715	182782	PY_TR0000904	19	3,4	67
scaffold7657	183617	183729	PY_TR0000905	23	5,3	112
scaffold7657	184335	184520	PY_TR0000906	36	5,2	185
scaffold7657	187563	187644	PY_TR0000907	22	3,6	81
scaffold7657	188491	188534	PY_TR0000908	19	2,3	43
scaffold7657	189252	189291	PY_TR0000909	11	3,6	39
scaffold7657	190147	190182	PY_TR0000910	18	2	35
scaffold7657	190683	191041	PY_TR0000911	18	20,6	358
scaffold7657	192495	192533	PY_TR0000913	20	2	38
scaffold7657	192507	193751	PY_TR0000914	60	20,6	1244
scaffold7657	192529	193751	PY_TR0000915	40	30,4	1222
scaffold7657	193391	193751	PY_TR0000916	20	18,1	360
scaffold7657	194400	194462	PY_TR0000917	17	3,7	62
scaffold7657	194789	194834	PY_TR0000918	21	2,2	45
scaffold7657	196859	197651	PY_TR0000919	47	16,9	792
scaffold7657	198191	198277	PY_TR0000920	44	2	86
scaffold7657	198331	202689	PY_TR0000921	21	209,9	4358
scaffold7657	202840	202916	PY_TR0000922	32	2,4	76
scaffold7657	205628	207586	PY_TR0000923	47	41,7	1958
scaffold7657	209016	210163	PY_TR0000924	23	49,9	1147
scaffold7657	210813	211586	PY_TR0000925	63	12,3	773
scaffold7657	213058	213212	PY_TR0000926	30	5,2	154
scaffold7657	213029	213227	PY_TR0000927	60	3,3	198
scaffold7657	213083	213227	PY_TR0000928	30	4,8	144
scaffold7657	215138	216154	PY_TR0000930	115	8,8	1016
scaffold7657	217540	217594	PY_TR0000931	28	2	54
scaffold7657	220692	220747	PY_TR0000932	20	3,1	55
scaffold7657	220407	221163	PY_TR0000933	34	22,3	756
scaffold7657	223071	223143	PY_TR0000934	12	6,1	72
scaffold7657	223816	223926	PY_TR0000935	23	4,8	110
scaffold7657	228457	229039	PY_TR0000936	108	5,4	582
scaffold7657	229103	229149	PY_TR0000937	22	2,1	46
scaffold7657	229125	229887	PY_TR0000938	44	17,4	762
scaffold7657	230474	230698	PY_TR0000939	120	1,9	224
scaffold7657	231958	232144	PY_TR0000940	63	3	186
scaffold7657	233228	233270	PY_TR0000941	21	2	42
scaffold7657	233389	233459	PY_TR0000942	34	2,1	70
scaffold7657	234050	236284	PY_TR0000943	36	65,5	2234
scaffold7657	234269	234432	PY_TR0000944	59	2,8	163
scaffold7657	234197	236121	PY_TR0000945	131	14,9	1924
scaffold7657	234050	234609	PY_TR0000946	95	6,1	559
scaffold7657	234605	234698	PY_TR0000947	27	3,1	93
scaffold7657	234825	234882	PY_TR0000948	27	2,2	57
scaffold7657	234837	234889	PY_TR0000949	27	2	52
scaffold7657	235156	235247	PY_TR0000950	27	3,1	91
scaffold7657	235469	235560	PY_TR0000951	27	3,1	91
scaffold7657	235515	235572	PY_TR0000952	27	2,1	57
scaffold7657	235695	235750	PY_TR0000953	27	2,1	55
scaffold7657	235380	236340	PY_TR0000954	131	7,4	960
scaffold7657	236202	236284	PY_TR0000955	34	2,4	82
scaffold7657	236112	236340	PY_TR0000956	93	2,5	228
scaffold7657	241768	241848	PY_TR0000957	7	12,9	80
scaffold7657	241767	241849	PY_TR0000959	25	3,2	82
scaffold7657	241923	241947	PY_TR0000960	13	1,9	24
scaffold7657	241984	242014	PY_TR0000961	16	1,9	30
scaffold7657	242493	242702	PY_TR0000964	113	1,9	209
scaffold7657	249805	250575	PY_TR0000965	43	18,2	770
scaffold7657	250147	250374	PY_TR0000966	14	15,9	227
scaffold7657	249832	250371	PY_TR0000967	59	9,1	539
scaffold7657	249969	250588	PY_TR0000968	102	6,1	619
scaffold7657	255193	255453	PY_TR0000969	14	18,6	260
scaffold7657	261336	261369	PY_TR0000970	13	2,5	33
scaffold7657	263353	263472	PY_TR0000971	30	4	119
scaffold7657	263498	263536	PY_TR0000972	13	3,1	38
scaffold7657	264958	265052	PY_TR0000973	39	2,4	94
scaffold7657	265039	265070	PY_TR0000974	16	2	31
scaffold7657	265096	266579	PY_TR0000977	75	19,4	1483
scaffold7657	266636	266685	PY_TR0000978	21	2,4	49
scaffold7657	266624	266685	PY_TR0000979	21	3,1	61
scaffold7657	267569	267612	PY_TR0000980	12	3,7	43
scaffold7657	268527	268679	PY_TR0000981	22	7	152
scaffold7657	268543	268626	PY_TR0000982	10	7,8	83
scaffold7657	268527	268989	PY_TR0000984	66	7,2	462
scaffold7657	268641	268714	PY_TR0000985	34	2,2	73
scaffold7657	268675	268989	PY_TR0000986	22	14,3	314
scaffold7657	271114	271160	PY_TR0000987	24	2	46
scaffold7657	271407	271604	PY_TR0000988	24	8,2	197
scaffold7657	272000	272264	PY_TR0000989	30	8,9	264
scaffold7657	272001	272080	PY_TR0000990	15	5,3	79
scaffold7657	272195	272244	PY_TR0000991	15	3,3	49
scaffold7657	272000	272260	PY_TR0000992	119	2,2	260
scaffold7657	272210	272259	PY_TR0000993	15	3,3	49
scaffold7657	273251	273681	PY_TR0000994	39	11,1	430
scaffold7657	274310	275061	PY_TR0000995	24	31,3	751
scaffold7657	276515	277484	PY_TR0000996	42	23,1	969
scaffold7657	281328	281638	PY_TR0000997	52	6	310
scaffold7657	281910	282620	PY_TR0000998	47	15,2	710
scaffold7657	285347	285645	PY_TR0000999	48	6	298
